#RMS error: 1.22
Res	Exp_CS	Sim_CS	Sim_err
M1	NA	NA	NA
D2	NA	3.29	0.27
Y3	0.82	0.01	2.02
K4	2.81	2.12	1.41
D5	1.01	1.63	0.72
D6	0.02	0.36	1.18
D7	0.31	-0.19	0.89
D8	NA	1.35	1.72
K9	0.45	-0.97	1.17
N10	-0.64	-0.60	1.20
R11	0.67	1.07	0.88
A12	0.36	1.64	0.43
L13	-1.07	-0.70	0.64
S14	1.86	1.16	0.88
P15	NA	NA	NA
M16	0.64	-1.44	1.84
V17	1.83	-1.02	1.96
S18	3.30	2.72	1.03
E19	2.51	2.62	1.75
F20	-0.94	1.33	0.82
E21	1.27	1.72	1.19
T22	-1.25	-0.62	1.70
I23	2.97	2.37	0.85
E24	3.01	0.37	1.91
Q25	0.77	-0.36	1.60
E26	1.60	-0.25	1.10
N27	0.17	-0.85	1.17
S28	0.50	0.61	0.40
Y29	3.41	1.55	1.10
N30	-0.51	-1.04	1.69
E31	0.30	1.05	1.07
W32	0.98	-1.95	1.75
L33	-1.49	-2.03	1.04
R34	-2.20	-2.01	0.35
A35	-1.83	-1.16	1.79
K36	-1.04	-0.95	2.05
V37	0.06	-1.79	1.77
A38	1.67	3.44	2.51
T39	-1.14	-1.96	1.52
S40	2.00	1.72	0.90
L41	1.75	3.08	0.64
A42	-0.41	-0.76	1.34
D43	0.21	0.52	0.69
P44	NA	NA	NA
R45	1.74	1.38	0.75
P46	NA	NA	NA
A47	0.50	-0.02	1.15
I48	1.38	-0.63	1.90
P49	NA	NA	NA
H50	2.18	1.82	1.75
D51	-1.00	-2.08	2.01
E52	1.16	-0.12	0.32
V53	1.62	-0.17	0.65
E54	0.64	-0.30	0.41
R55	0.34	-1.91	0.66
R56	-0.87	-1.35	0.45
M57	0.18	-1.03	1.09
A58	-1.10	-2.02	0.31
E59	-1.09	-2.03	0.78
R60	-0.20	-0.97	0.65
F61	-1.12	0.24	2.44
A62	-1.20	-0.16	1.42
K63	-1.75	-1.45	1.46
M64	-0.33	-0.44	1.87
R65	0.07	-0.87	2.56
K66	1.12	-0.71	2.73
E67	0.83	-0.48	2.21
R68	0.59	1.88	2.40
S69	0.82	-0.34	0.61
K70	3.00	2.23	0.56
Q71	6.64	0.00	0.00
