#RMS error: 0.16
Res	Exp_CS	Sim_CS	Sim_err
M1	NA	NA	NA
D2	NA	0.15	0.08
Y3	0.01	-0.18	0.14
K4	0.06	-0.13	0.23
D5	-0.09	0.09	0.19
D6	-0.09	-0.05	0.16
D7	-0.08	-0.00	0.18
D8	NA	0.01	0.24
K9	-0.07	-0.21	0.17
N10	-0.07	-0.24	0.14
R11	-0.25	-0.22	0.29
A12	0.03	0.19	0.11
L13	-0.17	-0.05	0.14
S14	-0.13	-0.15	0.20
P15	NA	NA	NA
M16	0.09	-0.25	0.18
V17	-0.14	-0.26	0.21
S18	0.02	-0.15	0.16
E19	-0.01	0.16	0.17
F20	-0.20	-0.27	0.22
E21	0.10	0.29	0.17
T22	-0.31	-0.23	0.16
I23	0.11	0.22	0.19
E24	0.09	-0.06	0.24
Q25	-0.09	-0.15	0.19
E26	-0.18	-0.18	0.14
N27	0.20	-0.09	0.24
S28	-0.02	-0.22	0.23
Y29	-0.04	-0.14	0.15
N30	-0.06	-0.29	0.10
E31	-0.15	-0.17	0.35
W32	-0.15	-0.30	0.08
L33	-0.02	-0.31	0.23
R34	-0.45	-0.40	0.10
A35	-0.40	-0.27	0.13
K36	-0.38	-0.11	0.26
V37	-0.30	-0.06	0.23
A38	-0.04	0.11	0.33
T39	-0.23	-0.08	0.30
S40	-0.15	-0.24	0.21
L41	-0.10	0.22	0.12
A42	-0.12	-0.30	0.40
D43	-0.34	-0.19	0.20
P44	NA	NA	NA
R45	0.09	-0.26	0.17
P46	NA	NA	NA
A47	0.20	0.20	0.13
I48	-0.16	-0.33	0.16
P49	NA	NA	NA
H50	0.38	0.23	0.32
D51	0.08	0.33	0.10
E52	-0.17	-0.34	0.18
V53	-0.29	-0.26	0.12
E54	-0.10	-0.17	0.10
R55	-0.13	-0.32	0.08
R56	-0.04	-0.32	0.17
M57	-0.05	-0.00	0.10
A58	-0.01	-0.09	0.16
E59	-0.20	-0.37	0.04
R60	-0.34	-0.31	0.12
F61	-0.11	-0.10	0.15
A62	-0.08	-0.00	0.15
K63	-0.28	-0.17	0.16
M64	-0.28	-0.27	0.16
R65	-0.19	-0.11	0.20
K66	-0.16	-0.12	0.21
E67	-0.07	-0.15	0.27
R68	-0.04	0.16	0.21
S69	-0.08	-0.24	0.08
K70	-0.02	0.07	0.16
Q71	-0.29	0.00	0.00
