#RMS error: 0.48
Res	Exp_CS	Sim_CS	Sim_err
M1	0.75	0.00	0.00
D2	0.83	0.50	0.14
Y3	0.10	0.36	1.06
K4	0.80	0.88	0.64
D5	0.60	0.52	0.61
D6	0.48	0.83	0.40
D7	0.50	0.65	0.45
D8	0.28	-0.01	0.33
K9	-0.02	0.11	0.36
N10	0.84	0.64	0.12
R11	0.35	0.60	0.29
A12	0.14	0.26	0.56
L13	0.16	0.56	0.29
S14	0.27	0.75	0.11
P15	0.48	0.39	0.17
M16	0.27	0.21	0.28
V17	0.82	0.91	0.24
S18	0.77	0.78	0.16
E19	0.50	-0.03	0.90
F20	0.95	1.14	0.23
E21	0.96	-0.55	0.75
T22	1.59	1.19	0.29
I23	0.56	0.15	0.33
E24	-0.05	-0.46	0.26
Q25	0.99	-0.04	0.36
E26	0.20	-0.23	0.51
N27	0.69	-0.06	0.47
S28	0.15	0.19	0.42
Y29	-0.32	-0.24	0.33
N30	0.55	-0.09	0.46
E31	-0.07	-0.29	0.10
W32	-1.75	-0.11	0.43
L33	-0.10	-0.45	0.14
R34	0.07	0.14	0.34
A35	-0.27	0.26	0.49
K36	-0.20	0.67	0.93
V37	0.38	0.36	1.30
A38	0.09	0.23	0.59
T39	0.50	0.81	0.55
S40	0.65	1.03	0.27
L41	0.02	-0.03	0.36
A42	0.40	1.03	1.09
D43	0.35	0.94	0.50
P44	0.46	0.08	0.54
R45	-0.13	-0.66	0.64
P46	0.45	0.43	0.13
A47	0.19	-0.72	0.59
I48	0.85	0.58	0.33
P49	0.66	0.62	0.38
H50	2.03	0.55	0.73
D51	0.13	-0.59	0.20
E52	0.11	-0.20	0.09
V53	-0.17	-0.28	0.07
E54	-0.04	-0.46	0.07
R55	0.02	-0.13	0.06
R56	-0.06	-0.10	0.13
M57	-0.37	-0.32	0.23
A58	-0.61	-0.74	0.27
E59	0.08	0.17	0.46
R60	-0.22	0.08	0.73
F61	-0.21	0.07	0.29
A62	-0.32	-0.42	0.42
K63	0.25	0.28	0.86
M64	0.28	0.32	0.43
R65	0.18	-0.08	0.82
K66	0.41	-0.04	1.17
E67	0.44	0.65	0.85
R68	0.39	0.35	0.26
S69	0.67	0.68	0.21
K70	0.51	0.18	0.15
Q71	2.10	0.00	0.00
