#RMS error: 0.56
Res	Exp_CS	Sim_CS	Sim_err
M1	NA	0.00	0.00
D2	-1.00	-0.77	0.28
Y3	-0.29	-0.71	0.18
K4	-0.56	-0.81	0.61
D5	-0.24	-0.33	0.40
D6	0.26	-0.22	0.58
D7	NA	0.15	0.40
D8	0.85	0.59	0.50
K9	0.46	0.03	0.51
N10	0.46	-0.61	0.24
R11	-0.11	-0.60	0.26
A12	-0.18	-0.42	0.31
L13	-0.39	0.07	0.14
S14	NA	-1.09	0.53
P15	-0.45	-0.48	0.27
M16	-0.06	0.04	0.39
V17	-0.33	-0.38	0.27
S18	-0.13	-0.19	0.36
E19	-0.50	-0.93	0.42
F20	0.16	-0.17	0.36
E21	0.16	-0.66	0.20
T22	0.26	0.39	0.46
I23	0.41	0.49	0.54
E24	1.24	1.34	0.85
Q25	1.04	1.56	0.82
E26	0.64	1.32	0.99
N27	1.51	1.30	1.09
S28	1.13	1.04	0.87
Y29	0.54	0.87	0.82
N30	2.19	1.59	0.59
E31	1.44	1.59	0.23
W32	1.54	1.24	0.51
L33	1.08	1.10	0.76
R34	1.27	0.52	1.00
A35	0.86	0.07	0.67
K36	1.08	-0.05	0.41
V37	0.32	-0.55	0.84
A38	0.68	-0.21	0.23
T39	0.23	0.05	0.26
S40	0.11	-0.04	0.61
L41	-0.54	-0.20	0.48
A42	-0.70	-1.34	0.62
D43	NA	-1.14	0.22
P44	-0.44	-0.76	0.36
R45	NA	-1.48	0.20
P46	-0.82	-0.64	0.30
A47	-0.46	-0.45	0.20
I48	NA	-1.79	0.22
P49	-0.10	-0.36	0.58
H50	2.16	0.82	0.73
D51	0.65	1.75	0.51
E52	1.05	2.02	0.10
V53	0.01	1.68	0.14
E54	1.98	2.05	0.09
R55	1.96	2.40	0.16
R56	2.54	2.26	0.20
M57	1.16	1.38	0.17
A58	2.32	1.58	0.26
E59	1.66	1.53	0.78
R60	1.77	1.09	1.14
F61	1.35	0.39	0.80
A62	1.52	0.91	1.22
K63	1.17	1.16	1.10
M64	0.83	0.64	0.85
R65	0.85	0.41	0.83
K66	0.72	-0.04	1.16
E67	0.40	0.33	0.97
R68	0.32	0.20	0.18
S69	-0.19	-0.04	0.18
K70	-0.89	-0.25	0.25
Q71	NA	NA	NA
