#RMS error: 0.61
Res	Exp_CS	Sim_CS	Sim_err
M1	NA	0.00	0.00
D2	-1.00	-0.44	0.28
Y3	-0.29	-0.17	0.27
K4	-0.56	-0.28	0.55
D5	-0.24	0.01	0.35
D6	0.26	-0.29	0.62
D7	NA	0.73	0.28
D8	0.85	0.77	0.34
K9	0.46	-0.02	0.54
N10	0.46	-0.30	0.67
R11	-0.11	-0.40	0.50
A12	-0.18	-0.52	0.50
L13	-0.39	-0.17	0.20
S14	NA	-1.33	0.52
P15	-0.45	-0.88	0.28
M16	-0.06	-0.38	0.31
V17	-0.33	0.13	0.40
S18	-0.13	-0.16	0.62
E19	-0.50	-0.16	0.85
F20	0.16	0.44	0.75
E21	0.16	1.25	0.57
T22	0.26	1.45	0.22
I23	0.41	1.28	0.08
E24	1.24	2.31	0.11
Q25	1.04	2.33	0.05
E26	0.64	2.18	0.11
N27	1.51	2.17	0.13
S28	1.13	1.58	0.14
Y29	0.54	1.34	0.22
N30	2.19	2.01	0.18
E31	1.44	1.61	0.11
W32	1.54	1.54	0.10
L33	1.08	1.76	0.27
R34	1.27	1.24	0.72
A35	0.86	0.83	0.69
K36	1.08	0.60	0.95
V37	0.32	0.32	1.16
A38	0.68	0.70	0.41
T39	0.23	0.45	0.35
S40	0.11	0.20	0.24
L41	-0.54	-0.29	0.25
A42	-0.70	-0.87	0.50
D43	NA	-1.28	0.34
P44	-0.44	-0.88	0.07
R45	NA	-1.32	0.15
P46	-0.82	-0.68	0.18
A47	-0.46	-0.16	0.14
I48	NA	-1.86	0.21
P49	-0.10	-0.00	0.08
H50	2.16	1.30	0.05
D51	0.65	2.17	0.08
E52	1.05	1.99	0.05
V53	0.01	1.78	0.06
E54	1.98	2.23	0.06
R55	1.96	2.43	0.06
R56	2.54	2.38	0.18
M57	1.16	1.41	0.17
A58	2.32	1.91	0.06
E59	1.66	2.10	0.06
R60	1.77	2.09	0.06
F61	1.35	1.10	0.14
A62	1.52	1.65	0.08
K63	1.17	2.20	0.22
M64	0.83	1.51	0.21
R65	0.85	1.25	0.88
K66	0.72	0.69	1.13
E67	0.40	0.70	0.85
R68	0.32	0.27	0.42
S69	-0.19	0.05	0.28
K70	-0.89	-0.33	0.06
Q71	NA	NA	NA
