#RMS error: 0.60
Res	Exp_CS	Sim_CS	Sim_err
M1	0.75	0.00	0.00
D2	0.83	0.96	0.48
Y3	0.10	0.34	0.31
K4	0.80	0.63	0.52
D5	0.60	0.52	0.44
D6	0.48	0.59	0.38
D7	0.50	1.02	0.64
D8	0.28	-0.06	0.08
K9	-0.02	-0.02	0.14
N10	0.84	0.03	0.85
R11	0.35	0.32	0.47
A12	0.14	0.91	0.79
L13	0.16	0.79	0.82
S14	0.27	0.51	0.22
P15	0.48	0.51	0.15
M16	0.27	0.46	1.25
V17	0.82	0.24	0.13
S18	0.77	-0.01	0.74
E19	0.50	0.75	0.74
F20	0.95	0.75	0.37
E21	0.96	0.19	0.57
T22	1.59	-0.17	0.08
I23	0.56	-0.48	0.05
E24	-0.05	-0.60	0.05
Q25	0.99	-0.20	0.09
E26	0.20	-0.42	0.04
N27	0.69	-0.16	0.04
S28	0.15	-0.05	0.05
Y29	-0.32	0.01	0.40
N30	0.55	-0.29	0.16
E31	-0.07	-0.34	0.04
W32	-1.75	0.23	0.08
L33	-0.10	-0.46	0.12
R34	0.07	-0.20	0.14
A35	-0.27	-0.11	0.35
K36	-0.20	0.40	0.52
V37	0.38	0.50	0.72
A38	0.09	0.13	0.35
T39	0.50	0.33	0.36
S40	0.65	-0.08	0.79
L41	0.02	0.05	0.77
A42	0.40	0.87	0.47
D43	0.35	0.22	0.21
P44	0.46	0.69	0.04
R45	-0.13	-0.41	0.28
P46	0.45	0.49	0.17
A47	0.19	-0.59	0.72
I48	0.85	0.33	0.32
P49	0.66	0.97	0.07
H50	2.03	0.11	0.03
D51	0.13	-0.76	0.03
E52	0.11	-0.22	0.14
V53	-0.17	-0.33	0.03
E54	-0.04	-0.44	0.02
R55	0.02	-0.08	0.02
R56	-0.06	-0.21	0.11
M57	-0.37	-0.33	0.06
A58	-0.61	-0.97	0.07
E59	0.08	-0.22	0.03
R60	-0.22	-0.35	0.18
F61	-0.21	-0.15	0.11
A62	-0.32	-0.81	0.04
K63	0.25	-0.15	0.06
M64	0.28	-0.06	0.13
R65	0.18	-0.10	0.20
K66	0.41	-0.36	1.20
E67	0.44	0.20	0.43
R68	0.39	0.13	0.44
S69	0.67	0.54	0.41
K70	0.51	0.07	0.26
Q71	2.10	0.00	0.00
