#RMS error: 0.18
Res	Exp_CS	Sim_CS	Sim_err
M1	NA	NA	NA
D2	NA	0.16	0.04
Y3	0.01	0.03	0.13
K4	0.06	-0.25	0.08
D5	-0.09	-0.06	0.09
D6	-0.09	-0.11	0.27
D7	-0.08	-0.12	0.21
D8	NA	0.20	0.25
K9	-0.07	-0.38	0.08
N10	-0.07	-0.31	0.13
R11	-0.25	-0.23	0.32
A12	0.03	0.21	0.34
L13	-0.17	-0.07	0.27
S14	-0.13	-0.16	0.22
P15	NA	NA	NA
M16	0.09	-0.14	0.26
V17	-0.14	0.09	0.17
S18	0.02	0.21	0.32
E19	-0.01	-0.21	0.44
F20	-0.20	-0.10	0.25
E21	0.10	-0.13	0.23
T22	-0.31	0.18	0.31
I23	0.11	-0.29	0.07
E24	0.09	-0.22	0.05
Q25	-0.09	-0.14	0.09
E26	-0.18	-0.28	0.05
N27	0.20	-0.17	0.09
S28	-0.02	-0.15	0.09
Y29	-0.04	-0.29	0.06
N30	-0.06	-0.18	0.08
E31	-0.15	-0.28	0.06
W32	-0.15	-0.37	0.06
L33	-0.02	-0.08	0.19
R34	-0.45	-0.32	0.14
A35	-0.40	-0.35	0.12
K36	-0.38	-0.27	0.25
V37	-0.30	-0.31	0.21
A38	-0.04	0.12	0.12
T39	-0.23	-0.11	0.29
S40	-0.15	-0.10	0.15
L41	-0.10	-0.22	0.27
A42	-0.12	-0.46	0.06
D43	-0.34	-0.04	0.08
P44	NA	NA	NA
R45	0.09	0.12	0.05
P46	NA	NA	NA
A47	0.20	0.16	0.09
I48	-0.16	-0.35	0.22
P49	NA	NA	NA
H50	0.38	0.46	0.01
D51	0.08	0.39	0.02
E52	-0.17	-0.47	0.03
V53	-0.29	-0.26	0.06
E54	-0.10	-0.28	0.03
R55	-0.13	-0.38	0.04
R56	-0.04	-0.09	0.09
M57	-0.05	-0.08	0.07
A58	-0.01	-0.04	0.03
E59	-0.20	-0.20	0.07
R60	-0.34	-0.34	0.07
F61	-0.11	-0.24	0.09
A62	-0.08	-0.05	0.03
K63	-0.28	-0.27	0.02
M64	-0.28	-0.15	0.07
R65	-0.19	-0.26	0.16
K66	-0.16	-0.34	0.06
E67	-0.07	-0.36	0.12
R68	-0.04	0.09	0.27
S69	-0.08	-0.21	0.11
K70	-0.02	0.00	0.16
Q71	-0.29	0.00	0.00
