#RMS error: 0.12
Res	Exp_CS	Sim_CS	Sim_err
M1	-0.47	0.00	0.00
D2	0.04	0.09	0.02
Y3	-0.01	-0.13	0.03
K4	-0.03	-0.02	0.05
D5	-0.06	-0.04	0.02
D6	-0.06	-0.07	0.08
D7	NA	-0.06	0.04
D8	-0.12	-0.18	0.06
K9	-0.15	-0.08	0.08
N10	-0.06	-0.17	0.16
R11	-0.08	-0.11	0.08
A12	-0.01	0.04	0.10
L13	0.02	0.07	0.12
S14	0.28	0.14	0.06
P15	0.03	0.01	0.03
M16	-0.03	-0.09	0.18
V17	0.00	-0.10	0.04
S18	-0.05	-0.21	0.15
E19	-0.16	-0.03	0.14
F20	-0.01	-0.03	0.09
E21	-0.07	-0.10	0.14
T22	0.12	-0.24	0.03
I23	-0.06	-0.34	0.05
E24	-0.16	-0.31	0.05
Q25	-0.12	-0.28	0.02
E26	-0.55	-0.31	0.03
N27	-0.08	-0.24	0.01
S28	-0.10	-0.26	0.01
Y29	-0.25	-0.34	0.05
N30	-0.31	-0.34	0.03
E31	-0.29	-0.22	0.02
W32	-0.34	-0.24	0.02
L33	-0.68	-0.39	0.06
R34	-0.33	-0.30	0.10
A35	-0.13	-0.09	0.04
K36	-0.27	-0.05	0.06
V37	-0.15	-0.12	0.13
A38	-0.01	-0.04	0.09
T39	-0.05	-0.14	0.14
S40	0.01	-0.13	0.16
L41	-0.02	0.00	0.13
A42	-0.02	-0.02	0.09
D43	0.19	0.18	0.04
P44	0.04	0.02	0.03
R45	NA	0.09	0.11
P46	-0.01	0.00	0.03
A47	-0.01	-0.10	0.09
I48	0.28	0.11	0.04
P49	-0.00	0.10	0.01
H50	-0.23	-0.37	0.00
D51	-0.12	-0.20	0.01
E52	-0.12	-0.15	0.01
V53	-0.42	-0.48	0.02
E54	-0.30	-0.32	0.01
R55	-0.21	-0.28	0.03
R56	-0.18	-0.26	0.06
M57	-0.25	-0.25	0.05
A58	-0.12	-0.28	0.02
E59	-0.20	-0.30	0.01
R60	-0.24	-0.27	0.02
F61	-0.12	-0.28	0.02
A62	-0.14	-0.35	0.02
K63	-0.14	-0.28	0.03
M64	-0.16	-0.29	0.05
R65	-0.15	-0.21	0.12
K66	-0.07	-0.20	0.12
E67	-0.10	-0.14	0.06
R68	0.00	-0.01	0.12
S69	-0.02	-0.07	0.06
K70	0.05	-0.03	0.04
Q71	-0.18	0.00	0.00
