#RMS error: 1.36
Res	Exp_CS	Sim_CS	Sim_err
M1	NA	NA	NA
D2	NA	3.48	0.35
Y3	0.82	-0.00	1.21
K4	2.81	0.75	1.36
D5	1.01	0.52	1.12
D6	0.02	0.08	1.32
D7	0.31	0.03	1.03
D8	NA	2.65	2.23
K9	0.45	-2.59	0.48
N10	-0.64	-1.54	1.73
R11	0.67	0.89	2.17
A12	0.36	1.45	1.65
L13	-1.07	-1.00	1.63
S14	1.86	1.67	0.78
P15	NA	NA	NA
M16	0.64	-0.41	1.98
V17	1.83	2.17	1.22
S18	3.30	2.40	0.92
E19	2.51	1.64	2.12
F20	-0.94	-0.11	1.50
E21	1.27	0.39	1.00
T22	-1.25	2.99	1.96
I23	2.97	0.29	0.61
E24	3.01	-0.69	0.14
Q25	0.77	-0.71	0.33
E26	1.60	-0.38	0.21
N27	0.17	-1.03	0.14
S28	0.50	0.76	0.16
Y29	3.41	2.36	1.22
N30	-0.51	-1.76	0.12
E31	0.30	0.59	0.14
W32	0.98	-0.13	0.57
L33	-1.49	-1.82	0.73
R34	-2.20	-1.92	0.77
A35	-1.83	-1.79	1.31
K36	-1.04	-1.30	1.54
V37	0.06	-0.92	0.40
A38	1.67	2.38	2.68
T39	-1.14	-2.21	2.50
S40	2.00	0.34	1.14
L41	1.75	0.00	1.50
A42	-0.41	-0.67	0.48
D43	0.21	1.05	0.40
P44	NA	NA	NA
R45	1.74	1.88	1.08
P46	NA	NA	NA
A47	0.50	0.74	0.62
I48	1.38	-0.05	1.22
P49	NA	NA	NA
H50	2.18	2.09	0.35
D51	-1.00	-2.27	0.12
E52	1.16	0.14	0.15
V53	1.62	0.32	0.13
E54	0.64	-0.98	0.09
R55	0.34	-1.17	0.30
R56	-0.87	-1.54	0.15
M57	0.18	-0.82	0.60
A58	-1.10	-1.34	0.32
E59	-1.09	-1.36	0.06
R60	-0.20	-0.64	0.14
F61	-1.12	-0.94	0.31
A62	-1.20	-1.13	0.12
K63	-1.75	-1.86	0.20
M64	-0.33	-1.12	0.61
R65	0.07	-2.45	0.76
K66	1.12	-2.14	1.27
E67	0.83	-0.51	0.54
R68	0.59	1.44	3.04
S69	0.82	-0.28	1.04
K70	3.00	1.59	0.73
Q71	6.64	0.00	0.00
